0 0.278320 0.429688 0.029297 0.117188
1 0.305664 0.439453 0.025391 0.128906
56 0.330078 0.460938 0.023438 0.125000
4 0.363281 0.433594 0.050781 0.179688
57 0.396484 0.449219 0.015625 0.179688
6 0.425781 0.449219 0.039062 0.179688
58 0.462891 0.433594 0.035156 0.195312
59 0.492188 0.437500 0.023438 0.195312
9 0.516602 0.439453 0.025391 0.199219
60 0.544922 0.433594 0.027344 0.226562
11 0.574219 0.417969 0.027344 0.234375
12 0.595703 0.404297 0.039062 0.238281
38 0.630859 0.400391 0.031250 0.128906
61 0.662109 0.402344 0.031250 0.132812
37 0.688477 0.390625 0.021484 0.109375
16 0.712891 0.388672 0.027344 0.121094
62 0.719727 0.523438 0.044922 0.085938
31 0.686523 0.560547 0.064453 0.136719
30 0.648438 0.603516 0.062500 0.152344
29 0.620117 0.630859 0.037109 0.144531
63 0.586914 0.640625 0.033203 0.156250
64 0.562500 0.656250 0.027344 0.164062
65 0.540039 0.667969 0.029297 0.156250
44 0.518555 0.654297 0.021484 0.167969
66 0.500977 0.658203 0.021484 0.191406
23 0.481445 0.652344 0.017578 0.164062
22 0.458984 0.664062 0.023438 0.195312
67 0.432617 0.648438 0.029297 0.148438
39 0.407227 0.648438 0.021484 0.156250
19 0.367188 0.632812 0.058594 0.171875
68 0.319336 0.597656 0.037109 0.109375
17 0.281250 0.582031 0.039062 0.125000
